-179.994122907
-179.988242196
-179.841286335
-179.383815089
-177.43672598
-176.338154874
-175.484920973
-163.659130647
-163.548611172
-163.021582373
-160.592884318
-157.654483172
-152.860818614
-151.294494229
-149.142346642
-148.604315252
-147.008894131
-146.886682482
-146.874334562
-146.87378322
-146.814437156
-146.757832284
-146.560922358
-146.402953904
-146.300990487
-146.244903983
-146.05975956
-145.812955525
-145.807555333
-145.764315794
-145.469433053
-145.361743947
-145.195766833
-145.08861228
-145.074007209
-145.002355584
-144.994219894
-144.953589431
-144.866864523
-144.828352153
-144.812572228
-144.785494406
-144.743721666
-144.712663117
-144.70705186
-144.662274096
-144.646888964
-144.598903069
-144.552584013
-144.526442799
-144.442952907
-144.364689438
-144.337036077
-144.300104488
-144.182619343
-144.138291825
-144.12888398
-144.113872589
-144.092531826
-144.070284132
-144.047875489
-144.01855304
-144.004242041
-144.003821259
-143.957287829
-143.953704628
-143.892327835
-143.885395733
-143.87460191
-143.857002896
-143.765735228
-143.74805518
-143.7255573
-143.661786475
-143.578953259
-143.577788488
-143.564734022
-143.536276613
-143.456066175
-143.438069224
-143.404877427
-143.298579081
-143.292632159
-143.283941246
-143.253928292
-143.148672877
-143.140904499
-143.127516454
-143.055621115
-143.051921553
-142.997688317
-142.971878746
-142.948440521
-142.933710004
-142.933625906
-142.932481622
-142.930603945
-142.928120419
-142.921259033
-142.898136903
-142.845307578
-142.827828002
-142.823710732
-142.823440794
-142.81446509
-142.813506386
-142.797927888
-142.791092409
-142.760780364
-142.723501418
-142.7218258
-142.7161088
-142.709524017
-142.673561427
-142.646267589
-142.634696748
-142.634047394
-142.597038377
-142.589642646
-142.57624262
-142.574199918
-142.532063653
-142.531734767
-142.517143832
-142.512459206
-142.446297726
-142.437900779
-142.349620644
-142.317406315
-142.299622015
-142.265911308
-142.235406956
-142.208800506
-142.205179618
-142.113781148
-142.111805425
-142.110452094
-141.983370705
-141.795622531
-141.690273478
-141.687348768
-141.564860562
-141.517949338
-141.455703577
-141.413624297
-141.254492198
-141.195737875
-141.176652959
-141.111057257
-141.102289756
-141.075051879
-140.996626123
-140.993050853
-140.96959032
-140.960347133
-140.936465445
-140.219876218
-140.012633025
-138.039481173
-137.894512692
-137.730019699
-130.710284341
-129.775004454
-129.00087309
-128.398218233
-118.530447337
-118.357293916
-114.775140569
-112.113503247
-111.839104073
-111.83369688
-111.331733737
-111.098846138
-110.511710088
-110.19240058
-110.036581271
-110.026089094
-109.593365038
-109.545905009
-109.489941589
-109.420096615
-109.375480272
-109.35846229
-109.321852125
-109.317118851
-109.282457709
-109.246482581
-109.234214765
-109.219273759
-109.204179986
-109.171616088
-109.166061778
-109.102316134
-109.067438086
-109.034597313
-109.011910802
-109.01009119
-108.987504048
-108.970407808
-108.930697213
-108.922120984
-108.891447331
-108.855432181
-108.847369792
-108.774806955
-108.772475284
-108.715121551
-108.70224333
-108.683249672
-108.67298989
-108.592408487
-108.576594466
-108.559830446
-108.531895904
-108.518079833
-108.491194662
-108.466096294
-108.449483521
-108.414526161
-108.379416221
-108.363418549
-108.350540121
-108.347206503
-108.326434219
-108.191656105
-108.15449674
-108.144355645
-108.058362268
-108.019362337
-108.013942168
-107.979713843
-107.938618413
-107.935288994
-107.875370602
-107.814156875
-107.76981553
-107.47125282
-107.394458601
-107.335729018
-107.197558645
-107.1933897
-107.165695884
-107.144684107
-107.137965398
-107.134478081
-107.129376696
-107.114457472
-107.085525765
-107.082967586
-107.076857446
-107.027314877
-107.010141928
-106.996559646
-106.941814868
-106.919675983
-106.851907888
-106.828737452
-106.761747884
-106.727473178
-106.688667203
-106.673286806
-106.615602758
-106.602109317
-106.55587826
-106.540393176
-106.506144781
-106.502970921
-106.464956054
-106.421527153
-106.395347339
-106.379840036
-106.225564802
-106.222662712
-106.140837624
-106.139018224
-106.121368957
-106.067676453
-106.066531751
-106.005306728
-105.967716032
-105.929855956
-105.884206482
-105.849384252
-105.816074751
-105.788463163
-105.762434925
-105.660468968
-105.650494327
-105.637902544
-105.53498646
-105.520795705
-105.514608684
-105.5122141
-105.506934106
-105.494465696
-105.436073911
-105.423286081
-105.392138466
-105.289016057
-105.246926424
-105.231277748
-105.204293045
-105.199623561
-105.181951633
-105.156432016
-105.137334032
-105.136521353
-105.129636247
-105.113312587
-105.108345852
-105.089524426
-104.975366604
-104.535090761
-104.4998648
-104.355839137
-104.134109765
-103.944621607
-103.634927581
-103.314229971
-102.951461943
-102.628452443
-102.439880232
-102.275785794
-102.03720232
-101.514559388
-101.431407443
-101.258846494
-100.972396975
-100.713990707
-100.521540497
-100.345150662
-100.027405391
-99.9360711962
-99.5618096494
-99.3395245536
-99.2083963234
-98.6719627718
-95.64911362
-95.1872687254
-94.1454759827
-92.8336646363
-86.0282504836
-81.8433549275
-81.0974396314
-80.6929242321
-80.5065170106
-80.2025333619
-80.1247554389
-80.0215716791
-79.9784301183
-79.6696263422
-79.3138329296
-79.0925663809
-79.0478961532
-78.8780803785
-78.5078462155
-78.1228979295
-77.8942781922
-77.5334780993
-77.5093837223
-77.1594713765
-76.9055541752
-76.5807210107
-76.3574542599
-76.3558217871
-76.262295422
-75.9682191677
-75.5991539324
-75.2220438261
-75.0575937774
-74.9120172825
-74.8783814964
-74.8776509439
-74.8604349839
-74.85518123
-74.7731450995
-74.7696674952
-74.7677475123
-74.7329738249
-74.7326005599
-74.6738057812
-74.6459765558
-74.638025074
-74.6150245524
-74.5514718946
-74.4510914174
-74.4461335155
-74.4141235351
-74.4003623253
-74.3851673446
-74.384157126
-74.3697846383
-74.3671523796
-74.2899436192
-74.2791598574
-74.2477161146
-74.1716654149
-74.1142403179
-74.0608087462
-74.0152608323
-74.0071783341
-73.9866233163
-73.9197724109
-73.8424309505
-73.7958614038
-73.7575511188
-73.7179056135
-73.6825391701
-73.6472875393
-73.6145499428
-73.5973009948
-73.589743017
-73.4703490258
-73.4479971891
-73.3927818816
-73.3703376986
-73.3168150862
-73.2842073298
-73.2782810422
-73.2483363213
-73.1975242606
-73.1931750202
-73.1378679554
-73.0707846597
-73.062611664
-73.0610306691
-73.0370857134
-73.027639346
-73.0253327562
-73.0157892128
-72.9043472047
-72.8779141973
-72.840595663
-72.8158519918
-72.8020308939
-72.7856572457
-72.7801745877
-72.7301877088
-72.6230124634
-72.4765589712
-72.3607747298
-72.1915900125
-72.1062907543
-72.0491659125
-72.0241217143
-72.009739883
-71.9832611186
-71.95138793
-71.9288898061
-71.9161955826
-71.8895187783
-71.8893869828
-71.7768645542
-71.7111796742
-71.6330176689
-71.5796376787
-71.5754818668
-71.5468879887
-71.5459970443
-71.5081536987
-71.4947373175
-71.4708637026
-71.4634302622
-71.4447768231
-71.3906977814
-71.3266871857
-71.3103268694
-71.2915650464
-71.2247006513
-71.2224552118
-71.1785038067
-71.1245680343
-71.0686210048
-71.0660259775
-71.0416482967
-71.0319929449
-71.0238115999
-71.0212906065
-71.0063285451
-70.9662927837
-70.9596589545
-70.8515261354
-70.7944829192
-70.7905876529
-70.7807262408
-70.7688551091
-70.7561405744
-70.7537272673
-70.7440463584
-70.699480509
-70.6658939779
-70.6012743063
-70.5394051011
-70.5120818906
-70.3831457262
-69.9113493864
-69.7881063481
-69.7143009002
-69.6799074177
-69.5068074526
-68.1800821328
-68.1163690077
-63.5859059957
-59.2861798494
-58.2627879978
-54.2469842173
-52.9055075879
-44.7756888101
-42.7255143352
-42.6497298923
-41.8756017453
-41.8050950191
-40.8881405719
-40.1684697516
-39.3485051185
-39.0089616231
-38.9930058678
-38.9854486636
-38.9291070435
-38.8967874451
-38.8578970487
-38.7940264307
-38.7908059449
-38.7887224291
-38.7766382681
-38.7201929203
-38.6783373846
-38.6452560214
-38.4518744853
-38.451767316
-38.4386268575
-38.3843147351
-38.2901631922
-38.2455454302
-38.2162594191
-38.0911130125
-38.0689636317
-38.0091521885
-37.9187877553
-37.9021423374
-37.880874945
-37.8410652169
-37.7601626034
-37.7525046168
-37.6476206401
-37.6173625479
-37.59436468
-37.5914247927
-37.5175678069
-37.4863273437
-37.4617206252
-37.4582768002
-37.4505782317
-37.4467804678
-37.4259168698
-37.4132145593
-37.4053566314
-37.4003493533
-37.3869107839
-37.3792352607
-37.3731200552
-37.3379192613
-37.3253270241
-37.3169947551
-37.2799132638
-37.2580353488
-37.2505253289
-37.2023645885
-37.1995495784
-37.1768123674
-37.1596859671
-37.1484972868
-37.1370553748
-37.1308110269
-37.1074167527
-37.1009110293
-37.0918389431
-37.0894586524
-37.0764018548
-37.0719252341
-37.071583335
-37.0712879571
-37.0017372613
-36.9943322293
-36.9841589647
-36.8988388922
-36.8603570949
-36.8218710188
-36.821210851
-36.7763981226
-36.6419315563
-36.6391893189
-36.602344059
-36.5889011428
-36.5712886711
-36.5669947607
-36.5549541348
-36.552207689
-36.5110561195
-36.4748615034
-36.4709887811
-36.386583124
-36.3793126646
-36.3327161899
-36.2531057662
-36.247866317
-36.2431255157
-36.1832564861
-36.1741000496
-36.1442605693
-36.1327243521
-36.0639182178
-36.0148002496
-36.007452338
-35.9820075674
-35.9571808903
-35.9430656935
-35.9398794325
-35.9378632707
-35.9155366861
-35.8892856052
-35.8863253969
-35.8322693282
-35.7591342923
-35.6765545948
-35.6631672281
-35.650719701
-35.5870706931
-35.529433795
-35.4643874193
-35.3954092547
-35.3869129978
-35.2581237732
-35.253809028
-35.1476033379
-35.1376557698
-34.9877457764
-34.9825243951
-34.9726304445
-34.9620142418
-34.9470463763
-34.9323552235
-34.9266811614
-34.8963188632
-34.8588180697
-34.8384454157
-34.5938796119
-34.5821442507
-34.5810750056
-34.5148166912
-34.5096907244
-34.1682390223
-34.1411055633
-34.0314118237
-33.9120418602
-33.8159166796
-33.6456004961
-33.5590882125
-33.4886811914
-33.3859917826
-33.2277749914
-33.1184592073
-33.0541213851
-33.030983276
-28.8992023659
-27.9528979839
-23.8656079362
-22.3041333993
-20.8470812172
-9.26516969507
-7.19121315096
-3.84044976792
-2.1941673526
-1.28984014359
-0.948402670894
-0.490894299759
-0.135075086289
-0.127041431524
-0.089225835901
-0.0573914127052
0.0
0.0
0.0
0.0
0.0
0.0
0.0
0.0
0.0
0.0
0.0
0.0
0.0
0.0
0.0
0.0
0.0
0.0
0.0
0.0
0.0
0.0
0.0
0.0
0.0
0.0
0.0
0.0
0.0
0.0
0.0
0.0
0.0
0.0
0.0
0.0
0.0
0.0
0.0
0.0
0.0
0.0
0.0
0.0
0.0
0.0
0.0
0.0
0.00637966588089
0.031751606344
0.0350862047466
0.03823116393
0.057365874214
0.135000200863
0.175215904905
0.806929455102
1.6224761926
10.4071833576
14.3352715609
19.0920112598
20.0298649442
23.9946922239
32.334936235
32.7564411681
33.0791197588
33.1020013741
33.150128355
33.1855628439
33.2472344527
33.2895185947
33.3789832872
33.5128646492
33.5624740722
33.6509806539
33.685618405
33.7579768486
34.1927696693
34.4245076301
34.4448840282
34.760833473
34.7860270149
34.7939746222
34.8975728188
34.9481117774
34.9545313512
35.0057801056
35.0600022628
35.1282071777
35.1480522843
35.1874277717
35.2242116432
35.2332552852
35.2635893352
35.2863821248
35.3385725191
35.3954268711
35.421730488
35.4430996126
35.5083704904
35.5111335365
35.6353105617
35.6629639229
35.6884699832
35.7764088251
35.7799857098
35.7898932158
35.8186653339
35.8617081746
35.8714693629
35.9521245114
35.9554694439
35.9643242884
35.9774615809
35.9789600435
35.9957579594
36.001158697
36.0291444792
36.0305673078
36.0639182178
36.1126653996
36.1423180349
36.2744426997
36.2812169219
36.2860831358
36.2964461396
36.3408956823
36.4185052331
36.4352659776
36.5027738639
36.5033012491
36.521040657
36.6423753072
36.6743496696
36.7020784173
36.7020845606
36.7044627461
36.7073678414
36.7685553748
36.7687705555
36.814110511
36.8172580904
36.8256405803
36.9243016273
36.9443788851
36.9628964685
36.9817083752
37.0017372613
37.0023116827
37.0493826193
37.0675183781
37.0692699012
37.0693960547
37.0979281865
37.1018630971
37.1030359527
37.1181079278
37.1419506779
37.1591976261
37.1816904097
37.1979830865
37.2287551118
37.2489604763
37.2528263751
37.2662950806
37.2781741999
37.2838912004
37.2851742562
37.2904759833
37.319724416
37.3425302494
37.3555148378
37.4237573805
37.4286684454
37.4359441254
37.4420510872
37.4587734628
37.4796259655
37.4828561683
37.4963074865
37.5316223483
37.533934628
37.5463831337
37.5620992214
37.5832598705
37.6094094797
37.7340886917
37.8509173795
37.8862188519
37.907052725
37.9425493975
37.9648938186
38.0166292946
38.0607637241
38.1839653289
38.202256865
38.2689312515
38.3912702751
38.4351394381
38.461037917
38.4995803033
38.5964780325
38.6072336868
38.6690129868
38.766383686
38.8003607015
38.8603848405
38.8605402899
38.8987236333
38.9169334037
38.9249481211
38.9919539798
39.0069491472
39.6581998978
40.4562423485
41.3034438476
42.0711418003
42.2165160616
42.3322337196
43.9227272586
44.2227165917
51.5273667893
54.8624743815
56.377102173
62.6461956808
63.3443770054
67.9427196163
68.1800821328
68.52222432
69.7098187508
69.732523378
69.7721623081
69.9254205863
70.0112902778
70.2046430422
70.5816653776
70.6145974687
70.6303152163
70.6449106685
70.6616222432
70.6658939779
70.7282915034
70.7341234496
70.7358842056
70.755598227
70.799015195
70.8470128388
70.8545744557
70.9146739075
70.9313237827
70.9609942068
70.9766199706
71.0418165949
71.0506691864
71.0855997783
71.090479552
71.1171723827
71.158261107
71.1826416121
71.1908036022
71.2069901269
71.2267774425
71.2371392658
71.3057555681
71.3103268694
71.4460260987
71.4584497789
71.5093972077
71.536761624
71.5455595025
71.5551589501
71.5650511771
71.5650511771
71.5754818668
71.5786832919
71.5796376787
71.6164375126
71.6170201238
71.8841760406
71.9529879171
71.9685359121
71.9707477237
71.9880907067
72.0522266417
72.0817325774
72.094048769
72.1180820668
72.190757131
72.4536712493
72.5983030722
72.7289581975
72.7686815187
72.8007443812
72.8226086293
72.8240963843
72.8569915783
72.8736516987
72.8776982433
72.8789442016
72.9119644647
72.9388512478
72.9565626506
72.9810071809
73.0335311229
73.0557303547
73.1186428131
73.1288332613
73.1945266494
73.2699308708
73.2729476826
73.3265685497
73.3305829309
73.3544407405
73.3988214864
73.4324152018
73.5268922115
73.5314682805
73.570171815
73.5904196225
73.6137751541
73.6659431811
73.7181364918
73.7818919072
73.8273421894
73.8734614726
73.8748760461
73.8975141286
73.9124484477
73.9791689121
74.0452793731
74.1514201264
74.1921014839
74.2021896787
74.2493817919
74.2522629149
74.3655623442
74.3697846383
74.3727390752
74.384157126
74.4010336222
74.4141235351
74.464680345
74.494885777
74.5300464823
74.5603544647
74.5687891811
74.6268781601
74.6559357857
74.7057743658
74.7807423846
74.7856420993
74.7888310041
74.8161065253
74.8227111511
74.8263251362
74.8353323735
74.8538389095
74.8577117469
74.8735809867
75.1041678777
75.3538877105
75.4110812671
75.7048361147
76.127614368
76.3231692699
76.7049755295
76.8579988913
77.2547105269
77.3912519577
77.7856888148
78.1113419604
78.4845454888
78.7523068647
78.7684321619
78.8780803785
79.0478961532
79.2074253314
79.6114317107
79.6719353748
79.7858435481
80.1463535951
80.3474446466
80.5293896712
80.6774517278
80.8088166008
82.2702498378
82.9035351771
93.453938058
94.4608482585
95.3145456699
98.2879415679
98.8260026489
99.3453069202
99.3926910248
100.151188611
100.180522282
100.232861565
100.408426544
100.586388507
100.840954426
100.846555335
101.337102322
101.593183128
101.922317436
101.96277765
102.290852385
102.439880232
102.786556004
103.369251013
103.504527956
103.809985074
103.826686809
104.199415184
104.586568715
104.713457031
104.962666088
105.111944632
105.121384215
105.129636247
105.151790087
105.159546182
105.161242578
105.182800602
105.183621116
105.245931452
105.252230738
105.265025469
105.314701197
105.367338066
105.42609432
105.442026274
105.452672543
105.464382244
105.475043122
105.525617298
105.562681886
105.583144391
105.6055181
105.640426908
105.727583391
105.731591028
105.780881798
105.790651559
105.877938962
105.921483519
105.928587459
105.948502963
105.957406875
106.02517334
106.0396137
106.120175703
106.139018224
106.139882907
106.141757657
106.196278937
106.279047936
106.366963641
106.396911146
106.398314013
106.506807498
106.525945304
106.540393176
106.578284509
106.579746554
106.588816267
106.657714727
106.665687427
106.729396455
106.754489234
106.764697499
106.802862436
106.84404666
106.849976288
106.855515756
106.887259136
106.904662602
106.938290944
106.982861653
106.9887724
106.995142612
107.018992819
107.029222924
107.040028211
107.041502099
107.163124743
107.164484554
107.167931564
107.185013278
107.198683253
107.200127087
107.214486139
107.317361209
107.476282615
107.541051092
107.850791348
107.935288994
107.938618413
107.985505939
107.991888948
108.012109418
108.019362337
108.038901355
108.080655045
108.129929387
108.18211959
108.223135446
108.247742368
108.288820326
108.407175786
108.434948823
108.454717917
108.509955528
108.510824666
108.543295535
108.562178324
108.564746481
108.570720558
108.570720558
108.608757757
108.67298989
108.693638892
108.702406432
108.726005113
108.753508254
108.818056165
108.822988511
108.864778505
108.881638035
108.921673106
108.930697213
108.951905736
108.959271603
108.987504048
109.00061515
109.086511134
109.096272764
109.101415997
109.117334131
109.138137969
109.210166573
109.218626285
109.231144891
109.243191608
109.246298534
109.259532759
109.282209148
109.282457709
109.32401122
109.446774451
109.473429281
109.47480341
110.095231192
110.320092582
110.379728927
110.511710088
110.763954314
111.648327187
111.839104073
114.64336797
115.20221946
118.703815097
125.012691774
130.913790789
131.511578001
137.27765868
138.005769403
138.093076479
138.506608589
139.079689835
139.928004628
140.654661619
141.015775536
141.031368855
141.047634323
141.048744751
141.092992979
141.176139773
141.222184828
141.333348825
141.345683881
141.407260977
141.450083537
141.463994791
141.567849549
141.583763492
141.613142778
141.916380965
142.12691658
142.140423962
142.17531732
142.236450464
142.268494629
142.269087632
142.386043151
142.416173205
142.418268473
142.427396392
142.435830453
142.437803303
142.477216784
142.494494136
142.500395632
142.538621178
142.53944514
142.554335163
142.573358769
142.5821982
142.589898691
142.603052612
142.614951489
142.655494165
142.684052305
142.753948127
142.797635412
142.799801323
142.811120663
142.820319345
142.827460624
142.841546025
142.885801416
142.892002639
142.897061439
142.899831919
142.904233171
142.907665902
142.926804079
142.974730546
142.991561673
143.004448293
143.009002844
143.030574405
143.035818577
143.100280775
143.238960576
143.242238278
143.269670403
143.274878919
143.352011588
143.36369036
143.387204455
143.425444873
143.471144633
143.486062425
143.506597771
143.536046875
143.549996473
143.616042623
143.616679018
143.633777792
143.67580446
143.72207522
143.722883696
143.725542028
143.750714811
143.758159584
143.813288118
143.815447646
143.864464906
143.871297969
143.877097325
143.914035881
143.915492145
143.943051982
143.994884494
144.011818736
144.054371842
144.071303123
144.075343475
144.10913352
144.113782278
144.125303235
144.177933492
144.222089739
144.365569241
144.366713942
144.404654353
144.517849428
144.585340332
144.606966862
144.662274096
144.684315324
144.70568709
144.706234099
144.788994647
144.864391254
144.929635789
145.038949475
145.05108105
145.098381324
145.102014901
145.109298492
145.114645847
145.16178161
145.300157012
145.382976395
145.618424617
145.721907025
145.764557808
146.008023707
146.06597513
146.187548351
146.274605601
146.489895069
146.497968141
146.622167964
146.662812244
146.836695462
146.900589689
146.944885479
147.103760185
148.012928453
152.110332417
153.958314705
159.587683914
159.919767594
164.450293531
166.523536863
167.129867839
175.521837614
176.848061562
177.64057615
177.884360504
179.293109787
179.960335223
179.970608508
179.994120495
179.994121701
180.0
180.0
180.0
180.0
180.0
180.0
180.0
180.0
180.0
180.0
180.0
180.0
180.0
180.0
180.0
180.0
180.0
180.0
180.0
180.0
180.0
180.0
180.0
180.0
180.0
180.0
180.0
180.0
180.0
180.0
180.0
180.0
180.0
180.0
180.0
180.0
180.0
180.0
180.0
180.0
180.0
180.0
180.0
180.0
180.0
180.0
180.0
180.0
180.0
180.0
180.0
180.0
180.0
180.0
180.0
180.0
180.0
180.0
180.0
180.0
180.0
180.0
180.0
180.0
180.0
180.0
180.0
180.0
180.0
180.0
180.0
180.0
180.0
180.0
180.0
180.0
180.0
180.0
180.0
180.0
180.0
180.0
180.0
180.0
180.0
180.0
180.0
180.0
180.0
180.0
180.0
180.0
180.0
180.0
180.0
180.0
180.0
180.0
180.0
180.0
180.0
180.0
180.0
